tir.prs = 2.7*10^5;
tir.UNLOADED_RADIUSf = 0.3555;
tir.UNLOADED_RADIUSr = 0.3745;
tir.NOMPRESf = 2.7*10^5;
tir.NOMPRESr = 2.7*10^5;
tir.FNOMINf = veh.mass*veh.weightDistF/2*g;
tir.FNOMINr = veh.mass*(1-veh.weightDistF)/2*g;
tir.WIDTHf = 0.295;
tir.WIDTHr = 0.315;
tir.RIM_RADIUSf = 20*2.54/100/2;
tir.RIM_RADIUSr = 21*2.54/100/2;
tir.massf = 50;
tir.massr = 60;
tir.Iyyf = 3;
tir.Iyyr = 3;
tir.omega0f = pos.xdot_0/tir.UNLOADED_RADIUSf;% canopy.nWheelFL(1);
tir.omega0r = pos.xdot_0/tir.UNLOADED_RADIUSr;% canopy.nWheelRL(1);
tir.z0f = 0;
tir.z0r = 0;
tir.zdot0f = 0;
tir.zdot0r = 0;
tir.PRESMAX = 1*10^6;
tir.PRESMIN = 1*10^4;
tir.FZMAX = 2*10^4;
tir.FZMIN = 100;
tir.VXLOW = 0.1;
tir.KPUMAX = 0.3;
tir.KPUMIN = -0.3;
tir.ALPMAX = 0.3;
tir.ALPMIN = -0.3;
tir.CAMMAX = 0.17453;
tir.CAMMIN = -0.17453;
tir.LONGVL = 16.7;
tir.brf = 1*10^(-3);
tir.brr = 1*10^(-3);
tir.BREFFf = 8.25094594147963;
tir.BREFFr = 8.25094594147963;
tir.DREFFf = 0;%0.260468730454265;
tir.DREFFr = 0;%0.260468730454265;
tir.FREFFf = 0;%0.0735298544471851;
tir.FREFFr = 0;%0.0735298544471851;
tir.Q_RE0f = 1;%1.00866439868088;
tir.Q_RE0r = 1;%1.00866439868088;
tir.Q_V1f = 0;%0.000760413786224011;
tir.Q_V1r = 0;%0.000760413786224011;
tir.Q_V2f = 0;%0.0463384792019201;
tir.Q_V2r = 0;%0.0463384792019201;
tir.Q_FZ1f = 0;
tir.Q_FZ1r = 0;
tir.Q_FZ2f = 0;%15.6870832810226;
tir.Q_FZ2r = 0;%15.6870832810226;
tir.Q_FZ3f = 0;
tir.Q_FZ3r = 0;
tir.Q_FCXf = 0.138643970247602;
tir.Q_FCXr = 0.138643970247602;
tir.Q_FCYf = 0.10843499565426;
tir.Q_FCYr = 0.10843499565426;
tir.Q_FCY2f = -0.465763352339538;
tir.Q_FCY2r = -0.465763352339538;
tir.PFZ1f = 0.69958166705601;
tir.PFZ1r = 0.69958166705601;
tir.VERTICAL_STIFFNESSf = 2.86*10^5;%207885.061134007;
tir.VERTICAL_STIFFNESSr = 2.86*10^5;%207885.061134007;
tir.VERTICAL_DAMPINGf = 500;
tir.VERTICAL_DAMPINGr = 500;
tir.BOTTOM_OFFSTf = 0.01;
tir.BOTTOM_OFFSTr = 0.01;
tir.BOTTOMSTIFFf = 2.8*10^6;% 2*10^6;
tir.BOTTOMSTIFFr = 2.8*10^6;%2*10^6;
tir.CORNERING_STIFFNESSf = 60000; %for one tire
tir.CORNERING_STIFFNESSr = 75000;
tir.rollingresf = 0.02;
tir.rollingresr = 0.02;